0 0.330775 0.933388 0.012061 0.078947
1 0.446820 0.671875 0.145102 0.360197
4 0.646107 0.815789 0.024306 0.027412
0 0.671327 0.584567 0.039656 0.078673
3 0.662555 0.773026 0.045504 0.044956
0 0.702394 0.458745 0.046235 0.074836
0 0.720395 0.725329 0.083333 0.068531
3 0.707602 0.304962 0.027412 0.050164
3 0.748355 0.423794 0.026681 0.060307
0 0.756853 0.587445 0.020285 0.023575
0 0.757584 0.509320 0.021382 0.051535
0 0.754112 0.464638 0.011148 0.010965
0 0.782438 0.336075 0.009686 0.008772
0 0.796510 0.435444 0.012975 0.015625
0 0.824379 0.212582 0.006944 0.010143
1 0.920596 0.178043 0.135782 0.320998
0 0.859923 0.595395 0.014072 0.015351
0 0.927449 0.523575 0.016447 0.023026
0 0.897661 0.564830 0.009137 0.015625
0 0.878564 0.580181 0.014437 0.017818
0 0.824013 0.628838 0.009503 0.014254
1 0.805556 0.179139 0.031433 0.107182
0 0.628564 0.582511 0.010051 0.032346
0 0.769828 0.478207 0.015168 0.034814
3 0.820815 0.658443 0.031615 0.036732
3 0.612756 0.348136 0.048246 0.074013
0 0.636605 0.626371 0.006396 0.019189
0 0.709064 0.545367 0.029605 0.064419
