4 0.126371 0.452440 0.110197 0.176261
0 0.166941 0.555510 0.023940 0.021656
0 0.290844 0.669682 0.041118 0.049342
1 0.305738 0.584978 0.021199 0.129934
0 0.643823 0.557429 0.009503 0.020559
0 0.663194 0.678317 0.009868 0.013432
0 0.704313 0.499726 0.013158 0.017544
0 0.892452 0.716146 0.008224 0.011787
4 0.512336 0.064419 0.034174 0.082237
4 0.529423 0.131305 0.043860 0.067982
0 0.562409 0.052632 0.014072 0.016447
0 0.597953 0.272204 0.014620 0.016447
3 0.105355 0.297423 0.057566 0.116776
3 0.046327 0.077577 0.026133 0.134868
3 0.027138 0.212856 0.053911 0.073739
