3 0.039382 0.567160 0.078399 0.135417
3 0.202760 0.424479 0.052814 0.041941
0 0.448830 0.362390 0.014254 0.007127
0 0.465095 0.510417 0.006579 0.008224
0 0.468933 0.529879 0.007675 0.008224
0 0.477887 0.535362 0.006579 0.013706
0 0.478070 0.435718 0.006213 0.007401
0 0.484466 0.518640 0.011696 0.021382
3 0.250183 0.818668 0.033991 0.060033
3 0.364401 0.607867 0.013889 0.018914
0 0.405976 0.564145 0.005300 0.007127
0 0.458973 0.352522 0.006762 0.014254
0 0.574287 0.372670 0.005665 0.008498
0 0.449379 0.441338 0.006579 0.009320
0 0.454678 0.464090 0.013523 0.025219
3 0.468476 0.492599 0.010417 0.014803
