1 0.463085 0.899671 0.096126 0.200658
3 0.608370 0.633361 0.027412 0.058388
0 0.660453 0.860609 0.036915 0.061678
0 0.695450 0.735471 0.041484 0.075110
0 0.721034 0.984375 0.055007 0.031250
3 0.700018 0.580181 0.028326 0.035362
0 0.748904 0.861294 0.025219 0.025219
0 0.747807 0.786047 0.018275 0.045779
0 0.757219 0.084293 0.016630 0.024397
0 0.773666 0.612116 0.010417 0.008224
0 0.773575 0.722314 0.007675 0.010965
0 0.787007 0.711349 0.011148 0.014803
1 0.797515 0.465872 0.032164 0.124178
0 0.815424 0.488487 0.007310 0.010965
1 0.913103 0.456552 0.127741 0.311678
0 0.459704 0.151590 0.008224 0.014254
3 0.950841 0.734238 0.076389 0.132401
3 0.754020 0.432566 0.043860 0.047697
0 0.820541 0.687363 0.016447 0.021107
0 0.850786 0.869243 0.009686 0.010965
0 0.694627 0.824973 0.038377 0.072094
1 0.446272 0.080455 0.042398 0.100603
