3 0.216648 0.758909 0.040753 0.027138
3 0.043037 0.800987 0.085709 0.095943
0 0.490771 0.758772 0.005665 0.007127
0 0.478253 0.834156 0.006213 0.008224
0 0.497807 0.842105 0.010965 0.020833
0 0.481451 0.853207 0.006762 0.007401
0 0.490680 0.860471 0.005848 0.010417
0 0.048063 0.958333 0.005117 0.008224
0 0.586257 0.693668 0.006213 0.007950
0 0.471765 0.677495 0.006396 0.012884
0 0.461623 0.686266 0.013889 0.009046
0 0.462445 0.765899 0.006031 0.008224
0 0.467745 0.787555 0.013341 0.024671
3 0.481908 0.815927 0.009868 0.014529
0 0.419773 0.888843 0.002924 0.005757
