0 0.456049 0.223410 0.006396 0.010417
0 0.459795 0.242325 0.007310 0.007675
0 0.468841 0.249726 0.006396 0.010417
0 0.475512 0.231771 0.012061 0.021656
3 0.195906 0.137198 0.043860 0.028783
0 0.341466 0.811815 0.008955 0.006305
3 0.223319 0.511787 0.070175 0.093202
3 0.039748 0.382950 0.029788 0.031798
0 0.026499 0.330181 0.005482 0.007950
0 0.450475 0.064419 0.007675 0.012610
0 0.440241 0.072368 0.013523 0.010417
0 0.565241 0.086349 0.005848 0.008772
0 0.397113 0.275356 0.005117 0.007950
0 0.469024 0.147752 0.006031 0.007127
0 0.440607 0.152823 0.006944 0.010143
0 0.445724 0.176398 0.013158 0.026590
3 0.459704 0.204770 0.010782 0.015899
3 0.355629 0.315104 0.012427 0.030976
