0 0.515260 0.111157 0.013341 0.014529
0 0.550256 0.302220 0.013889 0.018914
0 0.591923 0.608416 0.005848 0.006853
0 0.597679 0.127741 0.010051 0.015899
0 0.613670 0.251645 0.013158 0.024671
0 0.651773 0.542626 0.016630 0.018914
0 0.682840 0.821957 0.009320 0.020011
4 0.715735 0.686404 0.039656 0.070724
4 0.728070 0.757127 0.030702 0.079496
0 0.969390 0.178043 0.043677 0.048520
0 0.471126 0.320450 0.006579 0.016996
0 0.499726 0.425576 0.008224 0.012336
0 0.629569 0.341283 0.009137 0.008224
0 0.605903 0.605537 0.007127 0.014254
0 0.637061 0.680373 0.006944 0.008772
4 0.756853 0.672423 0.016996 0.061404
0 0.364492 0.056332 0.009320 0.010691
4 0.990863 0.763432 0.018275 0.038925
4 0.936312 0.819490 0.027595 0.085252
