0 0.341466 0.571135 0.005300 0.029331
0 0.390808 0.908991 0.010417 0.024671
0 0.991776 0.017955 0.016447 0.035362
1 0.457328 0.367188 0.145651 0.340735
0 0.766539 0.204496 0.016630 0.045504
0 0.713999 0.150630 0.042398 0.074836
0 0.769463 0.280291 0.025402 0.024945
0 0.719664 0.294545 0.012792 0.016721
0 0.685216 0.275356 0.032346 0.081963
4 0.667672 0.502741 0.036001 0.038925
3 0.672697 0.467379 0.044225 0.048246
0 0.726517 0.425164 0.079130 0.079496
3 0.772387 0.386650 0.025402 0.034814
3 0.630300 0.046464 0.030702 0.060033
3 0.722314 0.021930 0.030519 0.043311
0 0.792855 0.028646 0.007127 0.007401
0 0.751919 0.318531 0.004203 0.006031
0 0.491045 0.973136 0.113670 0.053728
2 0.694810 0.826754 0.399123 0.346491
0 0.715004 0.237390 0.035270 0.064145
