4 0.113487 0.974644 0.046418 0.050713
4 0.528235 0.717242 0.074379 0.083059
0 0.502102 0.534539 0.010782 0.015351
4 0.527504 0.643640 0.034905 0.081689
0 0.571272 0.576480 0.012061 0.023026
0 0.613213 0.848958 0.011879 0.013158
1 0.235563 0.485746 0.043860 0.116228
4 0.308571 0.589775 0.033077 0.118695
4 0.236020 0.648026 0.052814 0.061952
3 0.071912 0.680647 0.033077 0.091557
3 0.034265 0.792078 0.068165 0.085252
3 0.116319 0.877193 0.057566 0.118969
0 0.317982 0.338130 0.008041 0.028235
0 0.333882 0.369106 0.011330 0.021107
