4 0.131122 0.758635 0.114583 0.174616
0 0.082145 0.875000 0.015534 0.032346
0 0.174068 0.862802 0.023209 0.020011
0 0.300164 0.973547 0.040387 0.049068
1 0.313596 0.889666 0.023026 0.125274
4 0.519828 0.367462 0.034174 0.079770
4 0.520925 0.442982 0.074379 0.086075
0 0.563414 0.299068 0.011330 0.022478
0 0.597588 0.783032 0.007675 0.012884
0 0.606360 0.575247 0.012792 0.014529
0 0.616502 0.441475 0.006396 0.010143
0 0.653874 0.851425 0.008041 0.013158
0 0.673611 0.972725 0.009868 0.013980
0 0.713816 0.796464 0.011696 0.013980
1 0.228253 0.210663 0.041667 0.114309
3 0.052997 0.390077 0.036184 0.143640
3 0.028052 0.523026 0.055738 0.074013
3 0.112025 0.593887 0.055190 0.095121
4 0.227522 0.382264 0.055190 0.081414
4 0.165296 0.506442 0.015899 0.033169
4 0.292855 0.346217 0.043311 0.126645
