0 0.066703 0.233690 0.011696 0.014529
1 0.432383 0.652001 0.044225 0.106634
0 0.528143 0.008635 0.023757 0.016721
4 0.578765 0.133498 0.063962 0.146382
0 0.706232 0.512610 0.019189 0.046601
0 0.739218 0.646930 0.017178 0.029057
3 0.757767 0.496985 0.049525 0.084430
1 0.870888 0.926672 0.082785 0.146107
0 0.772478 0.982319 0.012427 0.035362
4 0.142270 0.405291 0.023209 0.021656
4 0.147204 0.458470 0.031615 0.081414
3 0.571912 0.274671 0.050256 0.121162
3 0.658717 0.400493 0.068531 0.143640
3 0.614492 0.499452 0.038560 0.132127
0 0.594115 0.609375 0.008041 0.018092
0 0.090826 0.461623 0.009137 0.010965
0 0.094390 0.520285 0.012610 0.025768
