4 0.116959 0.635828 0.066886 0.175164
4 0.157346 0.516036 0.029971 0.071546
4 0.198556 0.456277 0.057931 0.049068
1 0.184119 0.716146 0.023940 0.031524
3 0.209704 0.777001 0.039656 0.033169
3 0.290113 0.776042 0.056835 0.141996
4 0.317800 0.358690 0.020102 0.022204
4 0.647204 0.033717 0.083151 0.055373
4 0.602248 0.091009 0.004203 0.054276
2 0.810855 0.500000 0.378289 0.999452
0 0.227613 0.469709 0.008589 0.040844
4 0.249178 0.524671 0.033443 0.096491
0 0.160819 0.697917 0.019006 0.022478
3 0.088085 0.779879 0.038743 0.036732
