1 0.438688 0.387884 0.043677 0.109101
3 0.567617 0.024123 0.020468 0.047697
0 0.713633 0.257675 0.016082 0.037829
0 0.747076 0.390077 0.017544 0.029605
1 0.787738 0.769326 0.032346 0.124726
0 0.806012 0.793997 0.007127 0.013432
1 0.900402 0.756168 0.133772 0.313871
3 0.623081 0.238076 0.031981 0.145559
3 0.765990 0.245066 0.048794 0.080044
3 0.600969 0.940378 0.031250 0.058388
3 0.691977 0.900905 0.030885 0.049068
0 0.763432 0.916667 0.008224 0.008772
3 0.665387 0.124452 0.061404 0.106360
4 0.149031 0.135828 0.021747 0.019463
4 0.154057 0.189008 0.032164 0.083059
0 0.449470 0.462171 0.005665 0.016447
0 0.101608 0.248904 0.011330 0.025768
