0 0.609649 0.290570 0.017178 0.034539
0 0.525219 0.289474 0.033991 0.027961
4 0.557109 0.399260 0.111294 0.181743
4 0.141265 0.746162 0.031433 0.082785
4 0.136696 0.694490 0.023026 0.020011
0 0.028966 0.229030 0.010782 0.015625
0 0.014620 0.097314 0.010599 0.017544
0 0.061678 0.526042 0.014072 0.017544
0 0.751096 0.780154 0.050804 0.081689
0 0.697917 0.794408 0.016447 0.040022
0 0.732182 0.923246 0.016996 0.030154
1 0.423794 0.934896 0.043494 0.102248
0 0.083790 0.751919 0.010782 0.013158
3 0.565333 0.582374 0.052449 0.135143
3 0.648392 0.660636 0.077120 0.110197
3 0.611202 0.772341 0.034539 0.143914
0 0.091009 0.811129 0.006579 0.021382
0 0.586897 0.889391 0.008955 0.018366
