0 0.145742 0.915159 0.011148 0.019463
0 0.154057 0.898026 0.006213 0.014254
3 0.160910 0.941749 0.011148 0.016721
0 0.162829 0.904742 0.007310 0.007401
0 0.166118 0.925027 0.006944 0.008498
0 0.173702 0.972588 0.013341 0.025768
0 0.228984 0.876371 0.003289 0.006579
0 0.411458 0.619243 0.009320 0.013706
3 0.720029 0.210663 0.091009 0.084156
3 0.872076 0.570312 0.150219 0.092379
0 0.919499 0.459567 0.006396 0.007401
0 0.975420 0.500685 0.035270 0.062226
0 0.178363 0.995751 0.006579 0.008498
0 0.147569 0.997670 0.006031 0.004660
0 0.404148 0.648986 0.014072 0.018914
