0 0.153235 0.570587 0.010417 0.022204
0 0.155428 0.655428 0.006031 0.006579
0 0.161093 0.555236 0.006031 0.012884
3 0.168586 0.601014 0.010782 0.023300
0 0.170413 0.561952 0.006762 0.007675
0 0.173428 0.581826 0.006944 0.008498
0 0.181378 0.630071 0.012610 0.026590
0 0.235654 0.534128 0.002741 0.005757
3 0.431561 0.689830 0.040022 0.023849
0 0.418220 0.277961 0.008955 0.012061
3 0.858279 0.243558 0.112756 0.072643
0 0.985471 0.152275 0.023209 0.037555
0 0.185124 0.652412 0.005848 0.010417
0 0.170687 0.742873 0.005848 0.015351
0 0.180830 0.733553 0.015899 0.009868
0 0.410910 0.309759 0.014072 0.020833
3 0.859284 0.497259 0.035453 0.058114
