3 0.028600 0.700521 0.048063 0.041393
0 0.985654 0.533717 0.020285 0.030702
0 0.023300 0.602933 0.006396 0.005757
0 0.048246 0.649671 0.007675 0.011513
0 0.060490 0.611157 0.018275 0.019463
0 0.089273 0.588953 0.012244 0.011787
0 0.112025 0.600877 0.008406 0.007675
0 0.135143 0.541667 0.007858 0.009320
0 0.130117 0.570038 0.010965 0.020559
0 0.144737 0.546601 0.006579 0.011513
0 0.208699 0.537829 0.005848 0.012061
0 0.273757 0.534402 0.007310 0.010691
0 0.346491 0.598821 0.009503 0.013980
4 0.334156 0.347039 0.016996 0.030702
